Neural Networks with Feature Extraction 

4544 samples
   8 predictors
   2 classes: 'No', 'Yes' 

Pre-processing: centered (8), scaled (8) 
Resampling: Cross-Validated (10 fold) 
Summary of sample sizes: 4090, 4090, 4089, 4089, 4089, 4090, ... 
Resampling results across tuning parameters:

  size  decay  ROC           Sens          Spec        
  1     1      0.6330667018  0.4986745498  0.6910657702
  1     2      0.6326407792  0.4920704846  0.7007226215
  1     3      0.6326864016  0.4951541850  0.6963443852
  1     4      0.6315884932  0.4973568282  0.6897345235
  1     5      0.6322267303  0.4960352423  0.6928143597
  2     1      0.6341353898  0.4973490996  0.6993991035
  2     2      0.6327425955  0.4898678414  0.7002762965
  2     3      0.6321443461  0.4925110132  0.6976621068
  2     4      0.6328069265  0.4947136564  0.6914947059
  2     5      0.6321281059  0.4933978669  0.6945764742
  3     1      0.6345362371  0.4947059278  0.7007187572
  3     2      0.6331248789  0.4951522529  0.6967810495
  3     3      0.6327194949  0.4881057269  0.7055607079
  3     4      0.6318394760  0.4907508308  0.7003033465
  3     5      0.6321255864  0.4925129454  0.6945764742
  4     1      0.6335335315  0.4942673313  0.7011592859
  4     2      0.6328239668  0.4898678414  0.7042410542
  4     3      0.6323727305  0.4903103022  0.7007438751
  4     4      0.6325667790  0.4925129454  0.6945745421
  4     5      0.6318466684  0.4898736378  0.6958961280
  5     1      0.6341717175  0.4960255816  0.7015998145
  5     2      0.6327155029  0.4898678414  0.7051240436
  5     3      0.6324322439  0.4911913595  0.7003052786
  5     4      0.6319204132  0.4885481876  0.7007419430
  5     5      0.6315018021  0.4894331092  0.6963347245

ROC was used to select the optimal model using  the largest value.
The final values used for the model were size = 3 and decay = 1. 
